 28  43   0
 73 145   0
  2 102   0
  3 203   0
  4 204   0
 31  64   0
  8 205   0
  7 207   0
  1   9   0
 79  90   0
 10  84   0
 69 211   0
 52 212   0
  5  12   0
 13 213   0
 15 214   0
 11  14   0
 36 215   0
 24 218   0
 18 216   0
 19 201   0
 67 100   0
 66 119   0
 29  87   0
 26 222   0
  6 206   0
 33  48   0
 16  56   0
107 109   0
 35  98   0
 68 124   0
 20  50   0
 38  72   0
 23  51   0
 70  75   0
 40 232   0
 49  54   0
 41  46   0
 71 113   0
195 197   0
 32  59   0
 60  93   0
 63 233   0
 27 116   0
 39 226   0
 45 220   0
 37  42   0
111 136   0
 55 239   0
221 247   0
 53  85   0
 17 217   0
 76  91   0
208 246   0
 25 252   0
 44 250   0
 30  34   0
 65 236   0
 77 227   0
112 219   0
 47  89   0
 80 235   0
 92 106   0
 95 184   0
105 138   0
135 223   0
 74 101   0
 58  99   0
 62 238   0
 97 244   0
118 132   0
129 258   0
114 242   0
140 202   0
122 134   0
 86 117   0
228 257   0
210 260   0
 81 125   0
229 230   0
 78  88   0
139 253   0
167 173   0
231 248   0
 21  83   0
237 262   0
147 224   0
243 269   0
 94 268   0
123 254   0
126 265   0
141 266   0
110 282   0
 61 280   0
103 251   0
133 142   0
143 159   0
255 277   0
 96 234   0
128 245   0
161 180   0
267 286   0
144 273   0
154 249   0
150 151   0
225 288   0
275 291   0
149 263   0
274 290   0
270 287   0
104 293   0
131 272   0
279 284   0
146 163   0
178 186   0
256 285   0
158 297   0
196 200   0
 57 264   0
 22 120   0
241 289   0
160 259   0
292 305   0
121 261   0
209 298   0
 82 281   0
162 294   0
153 320   0
271 303   0
127 130   0
182 183   0
115 296   0
315 317   0
156 172   0
240 319   0
187 191   0
157 164   0
307 323   0
108 278   0
283 301   0
300 316   0
152 333   0
165 335   0
155 177   0
330 338   0
148 314   0
312 327   0
302 310   0
137 311   0
189 194   0
170 340   0
166 175   0
322 328   0
176 181   0
304 332   0
295 321   0
188 198   0
308 324   0
192 199   0
190 193   0
169 337   0
171 361   0
334 342   0
179 344   0
168 174   0
354 363   0
336 351   0
309 359   0
185 365   0
299 329   0
318 343   0
331 366   0
313 358   0
352 362   0
339 368   0
364 367   0
345 349   0
350 369   0
346 356   0
355 370   0
276 360   0
372 374   0
357 378   0
326 375   0
347 348   0
353 382   0
381 383   0
306 341   0
325 384   0
376 387   0
371 385   0
386 390   0
377 380   1
373 379   1
388 389   1
392 394   1
391 393   1
396 397   2
395 398   2
