88
152
183
118
61
15
27
23
179
122
55
158
176
74
25
48
71
164
120
85
169
84
156
35
30
172
105
170
199
153
123
111
19
31
82
92
1
93
173
150
24
113
67
60
37
142
186
52
178
198
166
103
133
181
115
80
188
78
162
32
73
90
28
81
49
151
141
59
182
58
163
18
4
108
40
197
66
191
3
147
146
26
46
63
128
70
13
14
102
89
51
107
65
53
167
175
29
144
119
106
47
171
98
69
136
43
68
154
10
110
129
100
41
134
165
91
64
2
117
12
193
124
131
16
96
168
57
5
121
101
8
137
9
149
130
185
161
148
114
126
104
177
72
76
44
36
157
86
159
127
112
75
34
83
99
56
0
140
145
109
38
190
11
138
180
125
6
143
22
17
132
42
39
54
174
95
94
135
187
189
97
50
77
33
45
87
7
21
139
62
196
155
192
79
184
195
20
160
116
194
